0 0.685156 0.142708 0.076563 0.118750
0 0.685156 0.252083 0.073438 0.108333
0 0.688281 0.354167 0.076563 0.091667
0 0.689063 0.453125 0.081250 0.089583
0 0.688281 0.547917 0.079687 0.091667
0 0.689063 0.644792 0.078125 0.089583
0 0.693750 0.748958 0.087500 0.118750
0 0.691406 0.852083 0.082812 0.137500
1 0.782813 0.135417 0.115625 0.150000
1 0.782031 0.853125 0.114062 0.127083
2 0.777344 0.251042 0.110937 0.085417
2 0.776563 0.752083 0.115625 0.129167
3 0.780469 0.653125 0.120313 0.114583
3 0.780469 0.332292 0.107813 0.106250
4 0.793750 0.551042 0.146875 0.110417
5 0.794531 0.436458 0.151562 0.106250
6 0.330469 0.862500 0.073438 0.125000
6 0.326562 0.745833 0.078125 0.100000
6 0.326562 0.646875 0.081250 0.093750
6 0.323437 0.553125 0.078125 0.093750
6 0.325000 0.453125 0.084375 0.093750
6 0.325781 0.357292 0.076563 0.097917
6 0.322656 0.256250 0.082812 0.108333
6 0.315625 0.159375 0.096875 0.114583
7 0.227344 0.138542 0.114062 0.143750
7 0.234375 0.866667 0.096875 0.141667
8 0.232813 0.755208 0.109375 0.127083
8 0.235937 0.263542 0.106250 0.102083
9 0.228906 0.668750 0.135937 0.100000
9 0.225000 0.352083 0.115625 0.091667
10 0.220312 0.565625 0.131250 0.102083
11 0.217969 0.461458 0.151562 0.106250
